# mpol
12
# ntor
12
# mnmax
288
# nfp
5
# rmnc
5.5162194278688474
0.26623911615740786
-0.0090380665780231597
0.00014743943880778809
-0.0016704342973926205
-4.3067872831979306e-05
-0.00037573881619231981
0.00016172303789458749
-0.00043958168502340782
0.00033747719740280112
0.0004244946629802565
0.00015468523791197902
1.4210220532958764e-05
-5.2730075429218479e-05
-0.00013461116013368119
-0.00018866154295034296
0.00026745048997506483
0.00036709365904731231
-0.00014385903794207207
-0.00056013839518559286
8.7043044981652233e-05
-0.0010173329880247873
-0.00066227936813496901
0.0010375300621327844
0.024494450192095972
0.51922164638466284
-0.22525049510107265
-0.013805133410123772
0.0034117689234135105
0.0014877457093228946
0.00035996859651380803
-3.3657465233633234e-05
8.087180148983913e-05
5.3774935127642358e-05
-8.2959795037871898e-05
0.00041803332391006267
0.00025638068623499391
-3.2711739392825008e-05
-1.8685488063433887e-05
-5.9889958733441271e-05
-0.00014423790183514453
4.003471725271301e-05
8.3281981136694991e-05
-0.0003088479307299174
0.00058547169603262786
-0.00036023721643126079
7.3817241541606067e-05
0.00021487297203883713
0.0025846584474524055
0.012538316283869904
0.042988435671187077
0.050920225306070967
0.075046795532657043
-0.0034373607662118852
-0.0010121929887316966
-7.1625196059214497e-05
-6.6197481052272621e-06
-0.00015419821134939963
3.2151939177567982e-05
-1.0060892108492827e-05
-5.367743106378314e-05
7.4985941962788804e-05
-7.6196224282529362e-06
1.0784847428724584e-06
5.128964627587287e-06
7.4610446987816802e-05
0.00021587236936950084
0.00018197359993005075
7.2012775304791681e-05
-0.00017185564972391578
9.8342651598235859e-05
0.00019575652902480899
-0.00012936582044019258
-9.4827741455482561e-05
0.0014189958876891283
-0.0027081716127214522
-0.013957265684596359
-0.02489714533686456
-0.014987418647482974
0.0021034210201344443
0.00012852156367851474
0.00011218481096949855
0.00012489509829484262
2.9386095836904628e-05
-1.6468129786151033e-05
8.8989232173262818e-05
-5.946206087477444e-05
-5.2051326658645588e-05
6.0295127582279473e-07
7.4787456507540396e-07
2.4290526674036011e-06
2.1181979399177908e-06
-0.00011333862649806064
-0.00010859162424324872
0.00016276438500912666
-0.0001609394197967663
1.5126375615446374e-05
0.00027664900115028295
8.5414353801092406e-05
-0.00044032619043946622
0.0025712813572106577
-0.00012439026827526216
0.010096337565247923
0.0041520452203137334
0.00035940359692068264
-0.00092292928416447479
5.4368164735233064e-06
-7.8968052211694095e-05
-5.20528598173007e-05
-4.2101926002302797e-06
-1.7053909093740212e-05
-1.68550672869958e-05
9.6148210353804987e-05
-7.4205739099014564e-06
-1.2088881546386023e-05
-1.5129783128309124e-05
-3.0014470762989166e-05
-1.4868466586389797e-05
-3.206966190828634e-05
-0.00013133578345581777
-0.00010959262423211377
0.00021574348086057587
-8.4533082813465434e-05
-0.00011890932528391463
0.00063153802614302119
0.00071249131951490086
0.0020191205467872389
-0.00093939830151024378
-0.0015185300927883115
0.001051285533181923
0.00021708695316798959
0.00012298496568417081
4.8387322602167054e-06
4.0271801423862184e-05
-1.128667547188175e-05
1.4150299363051692e-05
2.6993508541825147e-05
-3.911855659729906e-05
2.8652296289824519e-06
-1.5677225821791437e-07
-3.5889716148124043e-07
1.195554261049e-05
-1.0955593055208757e-06
-1.1197991199310504e-05
8.0584632102290987e-05
-4.3687406965857441e-05
-3.159982732735311e-05
6.7596894514561348e-05
9.5516255629881031e-05
-1.6713719726705335e-05
0.0001099486208401477
-0.0014564714676835316
-0.0018370292234362188
-0.0014479279687586494
-0.0009641023318426793
-0.00070667427556557808
0.00016191452636611704
2.1323006976899818e-06
-1.3411502462324922e-05
2.0451888496565247e-06
2.143264988781678e-05
-2.0532556883958221e-05
5.1663477538415506e-07
-1.3867987033138285e-06
5.9995726937038438e-06
8.9411530892197606e-06
-2.331715702997095e-06
-1.1858644983048967e-05
-3.0167651493574174e-05
-2.7248288418944456e-05
-7.2057252192932991e-05
0.00010211704331301183
-7.5914302819903232e-05
1.8109646710865946e-05
2.7025207324206613e-05
-0.00040585721693517981
-3.5466049101745845e-05
0.00063743139085996412
0.00019767806886945095
0.0011424585984081651
6.6922354139523205e-06
8.8638260776770624e-06
-0.00014198093003145326
1.5234951408910586e-05
1.0016340121901758e-06
-2.2841663993550403e-05
-2.6211593291625526e-06
1.1091971539199891e-05
2.8442901695091428e-07
-2.4740339368498877e-06
-5.6996789661146975e-06
-9.7829305823739974e-06
-1.3801391111576789e-05
-8.5871760838024454e-06
-9.9505847308444732e-07
-1.0564897594622866e-05
-2.7794665243024924e-05
-1.3593603426672352e-05
5.6809002719286294e-05
-5.2201841322440748e-05
3.1686401287780377e-05
0.00030625725448904176
0.00087823450749113254
0.0008162569095619002
0.00026356356801659694
-5.9506698838797095e-05
0.00040787241563300397
2.0429235222192327e-05
4.8685987490130084e-05
-1.4021541158236302e-05
4.5460009579426792e-06
3.9459249053191889e-06
-5.0180231221220338e-07
-2.5691933672044242e-07
-3.6484335579984915e-06
-4.1704890104764542e-06
-2.4000709141734167e-06
9.5586765766435136e-07
8.7327672037508856e-06
1.3527447342536167e-05
8.8323984440261062e-07
5.1733857510592265e-05
-1.3400879677406876e-05
-1.3558936098248122e-05
-1.2402710455435182e-05
0.00012611495760407325
-7.724263623781607e-05
-0.00036622860620024762
-0.00073524892533077151
-0.00054885752295838659
-0.00029900517067530893
-0.00014611329577884867
-0.00017980766410443665
5.3018922693091833e-05
2.3829607258951669e-06
5.0800729130901762e-06
2.7636104525342799e-06
-9.5288198067980173e-07
-1.5722020191987861e-06
1.146877303367089e-06
-1.9482152419436867e-07
3.6651263576374345e-07
5.3421663437711564e-06
1.9990269430134224e-06
-4.4008065671542244e-06
-2.6041838657062207e-06
6.780567376190137e-06
-2.6218517804120279e-05
5.5386312201792143e-05
-1.8212748356474609e-05
-4.1420604211215857e-05
-7.3907440792701982e-06
-0.00033503181595327084
-0.00020510553645416226
1.9148220326055079e-05
-0.0001548725478850155
5.4430903667926742e-05
-5.422069072431743e-05
2.2233271849213895e-05
-7.534581858402785e-05
1.6478981038846876e-05
3.0009354920041879e-07
-6.2661261105914654e-06
1.4185014333525911e-07
1.065402446002846e-06
2.3610893391273202e-06
3.1631655757522066e-06
-1.60831316775196e-07
7.1104516862572367e-07
1.1268881942905524e-07
-2.2360416919783582e-06
-3.352624719755912e-06
2.6394568606833177e-06
-1.1344940008878775e-05
-1.8394208363282178e-05
6.221006122059198e-05
-6.8460926753371735e-05
2.8297852211275598e-05
0.00015440482366688943
0.00025846261026990866
0.00020920687903130979
0.00014825377516433666
2.5434295854662692e-05
0.00014544022750735542
-2.6881399638100491e-05
1.1998993255586507e-05
-1.8212646302692792e-05
1.7659241989536623e-06
# zmns
-0
-0.22364022172370376
0.0051436513269463935
0.0024437878946462874
0.0022010631293437753
0.00031931882021508305
0.00016795214026300907
0.00029333813640188526
-0.00072424283206636865
0.00069135355837471075
0.00050601919398150124
0.00014175335072000463
2.7202099703706328e-05
-7.4428471512204172e-05
-0.00030015032104587435
-0.0005878940006337533
6.6499578591090825e-05
-0.00067134536373738261
0.00027086985635860135
0.00090175937023750225
-5.3842057780002597e-06
7.376322790984229e-05
0.0010745160369261366
0.0078470512217535034
0.023326054306110389
0.66587359879589048
0.21746758608480082
0.0092493996398254879
-0.0023101531566988472
-0.00083075103093445987
-0.00034125971537006387
0.00011417390399808266
-0.00013461792483771291
0.00013833462759791788
-0.00057304767737743998
0.00033319930658480486
0.0002829811997524757
0.00012537545121991869
-9.7468144878673958e-06
-5.4592311484253763e-05
-0.00015663964877696613
-0.00012339567094810404
-0.00010445794522342823
0.00041228659622990181
-0.00074969781813571316
0.00029406478652464107
0.0001835109595337752
-0.00015114991584601857
-0.0002337619677911206
0.008444772884920149
-0.0038414462180948478
0.022560638451819055
-0.056354294562937002
0.0047249219761341318
0.0012268230332206649
0.00025204008756219424
1.3685260605221693e-05
5.6661198374623415e-05
-7.9413405748925364e-05
0.00014285671825505977
-2.2650103047685102e-05
-6.6249653999329744e-05
-1.4032032928172803e-05
5.981355006959163e-07
4.2188913438554347e-06
2.6336355327743967e-05
9.1221431443361709e-05
-0.00025642777405794956
-0.00010865779163783386
0.00027914720403475745
-8.3605257708645517e-05
-0.00027321462136077878
1.1422505412857048e-05
0.00074049142124727797
-0.00063967534977464699
-0.0015108324131394596
-0.0064425497509680955
0.0089405800516127992
0.012736362433602162
-0.0015327227909797882
-5.5211351841426603e-05
-2.1140759266573449e-05
-8.120207150352417e-05
-1.1440537131361728e-05
4.9397387140651407e-05
-0.00013563172435401347
3.492159141274154e-05
5.7889200960478484e-05
-5.8586650406654663e-07
1.2246235821716234e-05
2.0882547601660791e-05
1.4519083780866597e-05
3.3933550017810656e-05
0.00024670911421869539
-0.00014943829638656511
7.3677115210314358e-05
0.00011086292557198148
-0.00018215969368103743
2.691800965293982e-05
0.0001091071948409058
0.0013299501493602324
0.0014634481067308835
0.009831600920485838
-0.0063791202648940002
-0.0015876660032796185
0.00074535021828623467
-2.3409651840704933e-05
-2.3550479417305615e-05
8.2448141267353346e-05
-4.1007601385033015e-05
1.0024838126069936e-05
8.1413523266803261e-05
-5.6336516968747146e-05
-2.9145465426687232e-07
-6.1436445572090864e-06
-3.2761024738763367e-06
1.2955002908101328e-05
4.309460414717418e-05
3.1444676730624838e-05
-0.00010970801688253048
0.00028149884007200413
-0.00015272874278413791
4.0570497294089838e-05
-7.324596750696084e-05
0.00050985983680334925
0.0008740776910474917
0.00060619783147624034
-0.0031454467639063463
-0.00030878028902247781
0.0015877427139044998
-8.6436416330581918e-05
-0.00018650213794280026
7.885771002967131e-05
-4.213055863058405e-05
-3.6315027613288033e-05
7.1620462198868204e-05
-4.9796882907613003e-05
-4.8995725501675425e-06
-3.0025493191805459e-07
-4.3731248044832572e-06
-8.8741836250723708e-07
6.4980656598001299e-06
-9.5519274311360632e-06
-2.463411294568735e-05
2.3191922673506421e-05
-8.2175436756210359e-05
2.4202977532852437e-05
0.00012317088331007954
-5.9935647936059963e-05
1.6942007269941855e-05
-1.0592109422502658e-05
-0.00079474810066383378
-0.0013004693993611486
-0.0010240611335193496
-0.00072416238149707079
0.0001112865567263909
7.1073285579674616e-05
2.0062652917048778e-05
-2.6960178666795374e-05
4.8583080009795507e-05
-2.1315476877282249e-05
-2.7457962511477372e-05
3.8131878200287323e-05
-1.0077272114617478e-06
4.7471360415071453e-06
1.1301723416842895e-06
-5.4544421802517686e-06
-1.947148993920146e-05
-3.1799408871012153e-05
-1.4228677180296216e-05
-6.767088286437839e-06
2.4203553610677041e-05
-4.0135996610447882e-05
6.840502109030403e-05
-4.5653206775386836e-05
-0.00023017731265508799
8.9156659427814899e-06
0.00049810688701918304
0.00074737443756106581
0.0014925512657542835
-0.00028932662054046424
-0.00023328328468475928
2.9234681819259077e-05
1.1194101218687454e-05
-1.6072195331107925e-05
-1.4740546673956487e-05
2.5356394625714209e-05
-1.6542034750199207e-05
2.8214659481748706e-07
-1.7071645086648211e-06
-8.337288601183784e-07
-3.1811756347701326e-06
-1.9805149032232947e-06
5.2038252009154376e-06
1.7080238035671221e-05
-2.0657584927742465e-06
-4.0240205756682567e-05
5.5887573841475045e-05
-1.8215176464852517e-05
-3.9809253478034045e-05
0.00012866788473431669
0.00019507342683124454
4.3617239587285049e-05
0.00025389419589771581
-0.00059189687526924235
-0.00041702030751834568
0.00028632181291221196
3.6736080499196923e-05
-5.607501114873424e-05
4.1106318540134702e-06
1.9831299429182262e-05
-4.6369955680522245e-06
2.1374606843293128e-06
-2.2891515084124575e-06
-1.3744267609771408e-06
-3.030705192537128e-06
-1.3544646687358928e-06
6.5402763092862389e-06
8.0605109727334845e-06
4.1870581578139172e-06
-1.5721474150964684e-05
3.7261463558032618e-05
-4.294831033592684e-05
-1.7062658868568892e-05
5.1694181379512121e-05
1.1108752372021088e-05
-3.8654745695608885e-05
3.0017909121111102e-05
-0.0004278260061404965
-0.00039090950491421953
-5.0145682956846047e-05
2.0415511485206508e-05
-3.3594147302742836e-05
2.5413281058952549e-05
1.4601349269851418e-05
-1.5254197960398863e-05
-2.1037998122030717e-06
9.1872269942575465e-06
-1.1187424786768775e-06
-1.8887967433176117e-06
7.3386340241576029e-07
3.8524434407561969e-06
-2.5218788610305468e-06
-6.3911998049554869e-07
-9.7022907340764328e-06
-1.1373638165412322e-05
-5.5643943733718266e-06
-4.3541454081486095e-07
4.5061140207366878e-06
-2.0252607035433745e-05
5.8739966640502102e-06
-0.00024650141399760013
0.00038426440109632243
0.00021816041545920164
0.00040855745336396414
0.00044313276012812521
0.00039674690745198412
-6.1822353544223864e-05
-5.5818561449591822e-05
3.0111099903369808e-05
-9.5201436335769174e-06
-3.7628493482638284e-06
-6.0678354411969266e-06
8.656543960908646e-07
4.9349069126905254e-06
9.5764142060255249e-06
9.4827838305933983e-06
7.4697831286343496e-06
2.0290093140207367e-06
5.1933471897166634e-06
7.4795385022292065e-06
9.6096553378867645e-06
2.3579551361902779e-06
2.3392412122901486e-06
5.2933332020783172e-06
-8.3624705359260937e-06
6.1478350865303876e-05
-3.7983526367787355e-05
0.00010555457540321946
0.00016193710338254194
6.2290054113882986e-05
-0.0002206236776612203
-0.00017563679670386131
5.2538142207960533e-05
2.8815165420911982e-05
-8.4904086999349367e-06
1.3206593648915869e-05
2.2338737539691614e-06
